# Set PLATFORM
GROUP_SERVICE_NAME=sample-

# Set Version for API project
PRODUCT_VERSION_BUILD=1.01.2407241045
CUSTOMER_VERSION_BUILD=1.01.2407241045
BASKET_VERSION_BUILD=1.01.2407241045
ORDERING_VERSION_BUILD=1.01.2407241045
INVENTORY_VERSION_BUILD=1.01.2407241045
HANGFIRE_VERSION_BUILD=1.01.2407241045

EXAM_API_VERSION_BUILD=1.01.5002.5102.2407251101
EXAM_ADMIN_VERSION_BUILD=1.01.6001.5101.2407251101
EXAM_PORTAL_VERSION_BUILD=1.01.6002.5103.2407251101

# Set PLATFORM
PLATFORM_SERVICE=unix
